1 1 1 1
2 2 1 2
3 3 1 3
4 4 1 4
5 5 1 5
6 6 1 6
7 10 7 1
8 11 1 2
9 12 1 4
10 13 1 6
11 14 1 8
12 15 1 10
13 16 1 12
14 20 7 2
15 21 1 3
16 22 1 6
17 23 1 9
18 24 1 12
19 25 1 15
20 26 1 18
21 30 7 3
22 31 1 4
23 32 1 8
24 33 1 12
25 34 1 16
26 35 1 20
27 36 1 24
28 40 7 4
29 41 1 5
30 42 1 10
31 43 1 15
32 44 1 20
33 45 1 25
34 46 1 30
35 50 7 5
36 51 1 6
37 52 1 12
38 53 1 18
39 54 1 24
40 55 1 30
41 56 1 36
42 60 7 6
43 61 1 7
44 62 1 14
45 63 1 21
46 64 1 28
47 65 1 35
48 66 1 42
49 100 49 1
50 101 1 2
51 102 1 4
52 103 1 6
53 104 1 8
54 105 1 10
55 106 1 12
56 110 7 2
57 111 1 4
58 112 1 8
59 113 1 12
60 114 1 16
61 115 1 20
62 116 1 24
63 120 7 4
64 121 1 6
65 122 1 12
66 123 1 18
67 124 1 24
68 125 1 30
69 126 1 36
70 130 7 6
71 131 1 8
72 132 1 16
73 133 1 24
74 134 1 32
75 135 1 40
76 136 1 48
77 140 7 8
78 141 1 10
79 142 1 20
80 143 1 30
81 144 1 40
82 145 1 50
83 146 1 60
84 150 7 10
85 151 1 12
86 152 1 24
87 153 1 36
88 154 1 48
89 155 1 60
90 156 1 72
91 160 7 12
92 161 1 14
93 162 1 28
94 163 1 42
95 164 1 56
96 165 1 70
97 166 1 84
98 200 49 2
99 201 1 3
100 202 1 6
101 203 1 9
102 204 1 12
103 205 1 15
104 206 1 18
105 210 7 3
106 211 1 6
107 212 1 12
108 213 1 18
109 214 1 24
110 215 1 30
111 216 1 36
112 220 7 6
113 221 1 9
114 222 1 18
115 223 1 27
116 224 1 36
117 225 1 45
118 226 1 54
119 230 7 9
120 231 1 12
121 232 1 24
122 233 1 36
123 234 1 48
124 235 1 60
125 236 1 72
126 240 7 12
127 241 1 15
128 242 1 30
129 243 1 45
130 244 1 60
131 245 1 75
132 246 1 90
133 250 7 15
134 251 1 18
135 252 1 36
136 253 1 54
137 254 1 72
138 255 1 90
139 256 1 108
140 260 7 18
141 261 1 21
142 262 1 42
143 263 1 63
144 264 1 84
145 265 1 105
146 266 1 126
147 300 49 3
148 301 1 4
149 302 1 8
150 303 1 12
151 304 1 16
152 305 1 20
153 306 1 24
154 310 7 4
155 311 1 8
156 312 1 16
157 313 1 24
158 314 1 32
159 315 1 40
160 316 1 48
161 320 7 8
162 321 1 12
163 322 1 24
164 323 1 36
165 324 1 48
166 325 1 60
167 326 1 72
168 330 7 12
169 331 1 16
170 332 1 32
171 333 1 48
172 334 1 64
173 335 1 80
174 336 1 96
175 340 7 16
176 341 1 20
177 342 1 40
178 343 1 60
179 344 1 80
180 345 1 100
181 346 1 120
182 350 7 20
183 351 1 24
184 352 1 48
185 353 1 72
186 354 1 96
187 355 1 120
188 356 1 144
189 360 7 24
190 361 1 28
191 362 1 56
192 363 1 84
193 364 1 112
194 365 1 140
195 366 1 168
196 400 49 4
197 401 1 5
198 402 1 10
199 403 1 15
200 404 1 20
201 405 1 25
202 406 1 30
203 410 7 5
204 411 1 10
205 412 1 20
206 413 1 30
207 414 1 40
208 415 1 50
209 416 1 60
210 420 7 10
211 421 1 15
212 422 1 30
213 423 1 45
214 424 1 60
215 425 1 75
216 426 1 90
217 430 7 15
218 431 1 20
219 432 1 40
220 433 1 60
221 434 1 80
222 435 1 100
223 436 1 120
224 440 7 20
225 441 1 25
226 442 1 50
227 443 1 75
228 444 1 100
229 445 1 125
230 446 1 150
231 450 7 25
232 451 1 30
233 452 1 60
234 453 1 90
235 454 1 120
236 455 1 150
237 456 1 180
238 460 7 30
239 461 1 35
240 462 1 70
241 463 1 105
242 464 1 140
243 465 1 175
244 466 1 210
245 500 49 5
246 501 1 6
247 502 1 12
248 503 1 18
249 504 1 24
250 505 1 30
251 506 1 36
252 510 7 6
253 511 1 12
254 512 1 24
255 513 1 36
256 514 1 48
257 515 1 60
258 516 1 72
259 520 7 12
260 521 1 18
261 522 1 36
262 523 1 54
263 524 1 72
264 525 1 90
265 526 1 108
266 530 7 18
267 531 1 24
268 532 1 48
269 533 1 72
270 534 1 96
271 535 1 120
272 536 1 144
273 540 7 24
274 541 1 30
275 542 1 60
276 543 1 90
277 544 1 120
278 545 1 150
279 546 1 180
280 550 7 30
281 551 1 36
282 552 1 72
283 553 1 108
284 554 1 144
285 555 1 180
286 556 1 216
287 560 7 36
288 561 1 42
289 562 1 84
290 563 1 126
291 564 1 168
292 565 1 210
293 566 1 252
294 600 49 6
295 601 1 7
296 602 1 14
297 603 1 21
298 604 1 28
299 605 1 35
300 606 1 42
301 610 7 7
302 611 1 14
303 612 1 28
304 613 1 42
305 614 1 56
306 615 1 70
307 616 1 84
308 620 7 14
309 621 1 21
310 622 1 42
311 623 1 63
312 624 1 84
313 625 1 105
314 626 1 126
315 630 7 21
316 631 1 28
317 632 1 56
318 633 1 84
319 634 1 112
320 635 1 140
321 636 1 168
322 640 7 28
323 641 1 35
324 642 1 70
325 643 1 105
326 644 1 140
327 645 1 175
328 646 1 210
329 650 7 35
330 651 1 42
331 652 1 84
332 653 1 126
333 654 1 168
334 655 1 210
335 656 1 252
336 660 7 42
337 661 1 49
338 662 1 98
339 663 1 147
340 664 1 196
341 665 1 245
342 666 1 294
343 1000 343 1
344 1001 1 2
345 1002 1 4
346 1003 1 6
347 1004 1 8
348 1005 1 10
349 1006 1 12
350 1010 7 2
351 1011 1 4
352 1012 1 8
353 1013 1 12
354 1014 1 16
355 1015 1 20
356 1016 1 24
357 1020 7 4
358 1021 1 6
359 1022 1 12
360 1023 1 18
361 1024 1 24
362 1025 1 30
363 1026 1 36
364 1030 7 6
365 1031 1 8
366 1032 1 16
367 1033 1 24
368 1034 1 32
369 1035 1 40
370 1036 1 48
371 1040 7 8
372 1041 1 10
373 1042 1 20
374 1043 1 30
375 1044 1 40
376 1045 1 50
377 1046 1 60
378 1050 7 10
379 1051 1 12
380 1052 1 24
381 1053 1 36
382 1054 1 48
383 1055 1 60
384 1056 1 72
385 1060 7 12
386 1061 1 14
387 1062 1 28
388 1063 1 42
389 1064 1 56
390 1065 1 70
391 1066 1 84
392 1100 49 2
393 1101 1 4
394 1102 1 8
395 1103 1 12
396 1104 1 16
397 1105 1 20
398 1106 1 24
399 1110 7 4
400 1111 1 8
401 1112 1 16
402 1113 1 24
403 1114 1 32
404 1115 1 40
405 1116 1 48
406 1120 7 8
407 1121 1 12
408 1122 1 24
409 1123 1 36
410 1124 1 48
411 1125 1 60
412 1126 1 72
413 1130 7 12
414 1131 1 16
415 1132 1 32
416 1133 1 48
417 1134 1 64
418 1135 1 80
419 1136 1 96
420 1140 7 16
421 1141 1 20
422 1142 1 40
423 1143 1 60
424 1144 1 80
425 1145 1 100
426 1146 1 120
427 1150 7 20
428 1151 1 24
429 1152 1 48
430 1153 1 72
431 1154 1 96
432 1155 1 120
433 1156 1 144
434 1160 7 24
435 1161 1 28
436 1162 1 56
437 1163 1 84
438 1164 1 112
439 1165 1 140
440 1166 1 168
441 1200 49 4
442 1201 1 6
443 1202 1 12
444 1203 1 18
445 1204 1 24
446 1205 1 30
447 1206 1 36
448 1210 7 6
449 1211 1 12
450 1212 1 24
451 1213 1 36
452 1214 1 48
453 1215 1 60
454 1216 1 72
455 1220 7 12
456 1221 1 18
457 1222 1 36
458 1223 1 54
459 1224 1 72
460 1225 1 90
461 1226 1 108
462 1230 7 18
463 1231 1 24
464 1232 1 48
465 1233 1 72
466 1234 1 96
467 1235 1 120
468 1236 1 144
469 1240 7 24
470 1241 1 30
471 1242 1 60
472 1243 1 90
473 1244 1 120
474 1245 1 150
475 1246 1 180
476 1250 7 30
477 1251 1 36
478 1252 1 72
479 1253 1 108
480 1254 1 144
481 1255 1 180
482 1256 1 216
483 1260 7 36
484 1261 1 42
485 1262 1 84
486 1263 1 126
487 1264 1 168
488 1265 1 210
489 1266 1 252
490 1300 49 6
491 1301 1 8
492 1302 1 16
493 1303 1 24
494 1304 1 32
495 1305 1 40
496 1306 1 48
497 1310 7 8
498 1311 1 16
499 1312 1 32
500 1313 1 48
501 1314 1 64
502 1315 1 80
503 1316 1 96
504 1320 7 16
505 1321 1 24
506 1322 1 48
507 1323 1 72
508 1324 1 96
509 1325 1 120
510 1326 1 144
511 1330 7 24
512 1331 1 32
513 1332 1 64
514 1333 1 96
515 1334 1 128
516 1335 1 160
517 1336 1 192
518 1340 7 32
519 1341 1 40
520 1342 1 80
521 1343 1 120
522 1344 1 160
523 1345 1 200
524 1346 1 240
525 1350 7 40
526 1351 1 48
527 1352 1 96
528 1353 1 144
529 1354 1 192
530 1355 1 240
531 1356 1 288
532 1360 7 48
533 1361 1 56
534 1362 1 112
535 1363 1 168
536 1364 1 224
537 1365 1 280
538 1366 1 336
539 1400 49 8
540 1401 1 10
541 1402 1 20
542 1403 1 30
543 1404 1 40
544 1405 1 50
545 1406 1 60
546 1410 7 10
547 1411 1 20
548 1412 1 40
549 1413 1 60
550 1414 1 80
551 1415 1 100
552 1416 1 120
553 1420 7 20
554 1421 1 30
555 1422 1 60
556 1423 1 90
557 1424 1 120
558 1425 1 150
559 1426 1 180
560 1430 7 30
561 1431 1 40
562 1432 1 80
563 1433 1 120
564 1434 1 160
565 1435 1 200
566 1436 1 240
567 1440 7 40
568 1441 1 50
569 1442 1 100
570 1443 1 150
571 1444 1 200
572 1445 1 250
573 1446 1 300
574 1450 7 50
575 1451 1 60
576 1452 1 120
577 1453 1 180
578 1454 1 240
579 1455 1 300
580 1456 1 360
581 1460 7 60
582 1461 1 70
583 1462 1 140
584 1463 1 210
585 1464 1 280
586 1465 1 350
587 1466 1 420
588 1500 49 10
589 1501 1 12
590 1502 1 24
591 1503 1 36
592 1504 1 48
593 1505 1 60
594 1506 1 72
595 1510 7 12
596 1511 1 24
597 1512 1 48
598 1513 1 72
599 1514 1 96
600 1515 1 120
601 1516 1 144
602 1520 7 24
603 1521 1 36
604 1522 1 72
605 1523 1 108
606 1524 1 144
607 1525 1 180
608 1526 1 216
609 1530 7 36
610 1531 1 48
611 1532 1 96
612 1533 1 144
613 1534 1 192
614 1535 1 240
615 1536 1 288
616 1540 7 48
617 1541 1 60
618 1542 1 120
619 1543 1 180
620 1544 1 240
621 1545 1 300
622 1546 1 360
623 1550 7 60
624 1551 1 72
625 1552 1 144
626 1553 1 216
627 1554 1 288
628 1555 1 360
629 1556 1 432
630 1560 7 72
631 1561 1 84
632 1562 1 168
633 1563 1 252
634 1564 1 336
635 1565 1 420
636 1566 1 504
637 1600 49 12
638 1601 1 14
639 1602 1 28
640 1603 1 42
641 1604 1 56
642 1605 1 70
643 1606 1 84
644 1610 7 14
645 1611 1 28
646 1612 1 56
647 1613 1 84
648 1614 1 112
649 1615 1 140
650 1616 1 168
651 1620 7 28
652 1621 1 42
653 1622 1 84
654 1623 1 126
655 1624 1 168
656 1625 1 210
657 1626 1 252
658 1630 7 42
659 1631 1 56
660 1632 1 112
661 1633 1 168
662 1634 1 224
663 1635 1 280
664 1636 1 336
665 1640 7 56
666 1641 1 70
667 1642 1 140
668 1643 1 210
669 1644 1 280
670 1645 1 350
671 1646 1 420
672 1650 7 70
673 1651 1 84
674 1652 1 168
675 1653 1 252
676 1654 1 336
677 1655 1 420
678 1656 1 504
679 1660 7 84
680 1661 1 98
681 1662 1 196
682 1663 1 294
683 1664 1 392
684 1665 1 490
685 1666 1 588
686 2000 343 2
